0 0 0 [ 0.  0.]
0 1 0 [ 0.  0.]
0 2 0 [ 0.  0.]
0 3 0 [ 0.  0.]
0 4 0 [ 0.  0.]
0 5 0 [ 0.  0.]
0 6 0 [ 0.  0.]
0 7 0 [ 0.  0.]
0 8 0 [ 0.  0.]
0 9 0 [ 0.  0.]
0 10 0 [ 0.  0.]
0 11 0 [ 0.  0.]
0 12 0 [ 0.  0.]
0 13 0 [ 0.  0.]
0 14 0 [ 0.  0.]
0 15 0 [ 0.  0.]
0 16 0 [ 0.  0.]
0 17 0 [ 0.  0.]
0 18 0 [ 0.  0.]
0 19 0 [ 0.  0.]
0 20 0 [ 0.  0.]
0 21 0 [ 0.  0.]
0 22 0 [ 0.  0.]
0 23 0 [ 0.  0.]
0 24 0 [ 0.  0.]
0 25 0 [ 0.  0.]
0 26 0 [ 0.  0.]
0 27 0 [ 0.  0.]
0 28 0 [ 0.  0.]
0 29 0 [ 0.  0.]
0 30 0 [ 0.  0.]
0 31 0 [ 0.  0.]
0 32 0 [ 0.  0.]
0 33 0 [ 0.  0.]
0 34 0 [ 0.  0.]
0 35 0 [ 0.  0.]
0 36 0 [ 0.  0.]
0 37 0 [ 0.  0.]
0 38 0 [ 0.  0.]
0 39 0 [ 0.  0.]
0 40 0 [ 0.  0.]
0 41 0 [ 0.  0.]
0 42 0 [ 0.  0.]
0 43 0 [ 0.  0.]
0 44 0 [ 0.  0.]
0 45 0 [ 0.  0.]
0 46 0 [ 0.  0.]
0 47 0 [ 0.  0.]
0 48 0 [ 0.  0.]
0 49 0 [ 0.  0.]
1 0 0 [ 0.  0.]
1 1 0 [ 0.  0.]
1 2 0 [ 0.  0.]
1 3 0 [ 0.  0.]
1 4 0 [ 0.  0.]
1 5 0 [ 0.  0.]
1 6 0 [ 0.  0.]
1 7 0 [ 0.  0.]
1 8 0 [ 0.  0.]
1 9 0 [ 0.  0.]
1 10 0 [ 0.  0.]
1 11 0 [ 0.  0.]
1 12 0 [ 0.  0.]
1 13 0 [ 0.  0.]
1 14 0 [ 0.  0.]
1 15 0 [ 0.  0.]
1 16 0 [ 0.  0.]
1 17 0 [ 0.  0.]
1 18 0 [ 0.  0.]
1 19 0 [ 0.  0.]
1 20 0 [ 0.  0.]
1 21 0 [ 0.  0.]
1 22 0 [ 0.  0.]
1 23 0 [ 0.  0.]
1 24 0 [ 0.  0.]
1 25 0 [ 0.  0.]
1 26 0 [ 0.  0.]
1 27 0 [ 0.  0.]
1 28 0 [ 0.  0.]
1 29 0 [ 0.  0.]
1 30 0 [ 0.  0.]
1 31 0 [ 0.  0.]
1 32 0 [ 0.  0.]
1 33 0 [ 0.  0.]
1 34 0 [ 0.  0.]
1 35 0 [ 0.  0.]
1 36 0 [ 0.  0.]
1 37 0 [ 0.  0.]
1 38 0 [ 0.  0.]
1 39 0 [ 0.  0.]
1 40 0 [ 0.  0.]
1 41 0 [ 0.  0.]
1 42 0 [ 0.  0.]
1 43 0 [ 0.  0.]
1 44 0 [ 0.  0.]
1 45 0 [ 0.  0.]
1 46 0 [ 0.  0.]
1 47 0 [ 0.  0.]
1 48 0 [ 0.  0.]
1 49 0 [ 0.  0.]
2 0 0 [ 0.  0.]
2 1 0 [ 0.  0.]
2 2 0 [ 0.  0.]
2 3 0 [ 0.  0.]
2 4 0 [ 0.  0.]
2 5 0 [ 0.  0.]
2 6 0 [ 0.  0.]
2 7 0 [ 0.  0.]
2 8 0 [ 0.  0.]
2 9 0 [ 0.  0.]
2 10 0 [ 0.  0.]
2 11 0 [ 0.  0.]
2 12 0 [ 0.  0.]
2 13 0 [ 0.  0.]
2 14 0 [ 0.  0.]
2 15 0 [ 0.  0.]
2 16 0 [ 0.  0.]
2 17 0 [ 0.  0.]
2 18 0 [ 0.  0.]
2 19 0 [ 0.  0.]
2 20 0 [ 0.  0.]
2 21 0 [ 0.  0.]
2 22 0 [ 0.  0.]
2 23 0 [ 0.  0.]
2 24 0 [ 0.  0.]
2 25 0 [ 0.  0.]
2 26 0 [ 0.  0.]
2 27 0 [ 0.  0.]
2 28 0 [ 0.  0.]
2 29 0 [ 0.  0.]
2 30 0 [ 0.  0.]
2 31 0 [ 0.  0.]
2 32 0 [ 0.  0.]
2 33 0 [ 0.  0.]
2 34 0 [ 0.  0.]
2 35 0 [ 0.  0.]
2 36 0 [ 0.  0.]
2 37 0 [ 0.  0.]
2 38 0 [ 0.  0.]
2 39 0 [ 0.  0.]
2 40 0 [ 0.  0.]
2 41 0 [ 0.  0.]
2 42 0 [ 0.  0.]
2 43 0 [ 0.  0.]
2 44 0 [ 0.  0.]
2 45 0 [ 0.  0.]
2 46 0 [ 0.  0.]
2 47 0 [ 0.  0.]
2 48 0 [ 0.  0.]
2 49 0 [ 0.  0.]
3 0 0 [ 0.  0.]
3 1 0 [ 0.  0.]
3 2 0 [ 0.  0.]
3 3 0 [ 0.  0.]
3 4 0 [ 0.  0.]
3 5 0 [ 0.  0.]
3 6 0 [ 0.  0.]
3 7 0 [ 0.  0.]
3 8 0 [ 0.  0.]
3 9 0 [ 0.  0.]
3 10 0 [ 0.  0.]
3 11 0 [ 0.  0.]
3 12 0 [ 0.  0.]
3 13 0 [ 0.  0.]
3 14 0 [ 0.  0.]
3 15 0 [ 0.  0.]
3 16 0 [ 0.  0.]
3 17 0 [ 0.  0.]
3 18 0 [ 0.  0.]
3 19 0 [ 0.  0.]
3 20 0 [ 0.  0.]
3 21 0 [ 0.  0.]
3 22 0 [ 0.  0.]
3 23 0 [ 0.  0.]
3 24 0 [ 0.  0.]
3 25 0 [ 0.  0.]
3 26 0 [ 0.  0.]
3 27 0 [ 0.  0.]
3 28 0 [ 0.  0.]
3 29 0 [ 0.  0.]
3 30 0 [ 0.  0.]
3 31 0 [ 0.  0.]
3 32 0 [ 0.  0.]
3 33 0 [ 0.  0.]
3 34 0 [ 0.  0.]
3 35 0 [ 0.  0.]
3 36 0 [ 0.  0.]
3 37 0 [ 0.  0.]
3 38 0 [ 0.  0.]
3 39 0 [ 0.  0.]
3 40 0 [ 0.  0.]
3 41 0 [ 0.  0.]
3 42 0 [ 0.  0.]
3 43 0 [ 0.  0.]
3 44 0 [ 0.  0.]
3 45 0 [ 0.  0.]
3 46 0 [ 0.  0.]
3 47 0 [ 0.  0.]
3 48 0 [ 0.  0.]
3 49 0 [ 0.  0.]
4 0 0 [ 0.  0.]
4 1 0 [ 0.  0.]
4 2 0 [ 0.  0.]
4 3 0 [ 0.  0.]
4 4 0 [ 0.  0.]
4 5 0 [ 0.  0.]
4 6 0 [ 0.  0.]
4 7 0 [ 0.  0.]
4 8 0 [ 0.  0.]
4 9 0 [ 0.  0.]
4 10 0 [ 0.  0.]
4 11 0 [ 0.  0.]
4 12 0 [ 0.  0.]
4 13 0 [ 0.  0.]
4 14 0 [ 0.  0.]
4 15 0 [ 0.  0.]
4 16 0 [ 0.  0.]
4 17 0 [ 0.  0.]
4 18 0 [ 0.  0.]
4 19 0 [ 0.  0.]
4 20 0 [ 0.  0.]
4 21 0 [ 0.  0.]
4 22 0 [ 0.  0.]
4 23 0 [ 0.  0.]
4 24 0 [ 0.  0.]
4 25 0 [ 0.  0.]
4 26 0 [ 0.  0.]
4 27 0 [ 0.  0.]
4 28 0 [ 0.  0.]
4 29 0 [ 0.  0.]
4 30 0 [ 0.  0.]
4 31 0 [ 0.  0.]
4 32 0 [ 0.  0.]
4 33 0 [ 0.  0.]
4 34 0 [ 0.  0.]
4 35 0 [ 0.  0.]
4 36 0 [ 0.  0.]
4 37 0 [ 0.  0.]
4 38 0 [ 0.  0.]
4 39 0 [ 0.  0.]
4 40 0 [ 0.  0.]
4 41 0 [ 0.  0.]
4 42 0 [ 0.  0.]
4 43 0 [ 0.  0.]
4 44 0 [ 0.  0.]
4 45 0 [ 0.  0.]
4 46 0 [ 0.  0.]
4 47 0 [ 0.  0.]
4 48 0 [ 0.  0.]
4 49 0 [ 0.  0.]
5 0 0 [ 0.  0.]
5 1 0 [ 0.  0.]
5 2 0 [ 0.  0.]
5 3 0 [ 0.  0.]
5 4 0 [ 0.  0.]
5 5 0 [ 0.  0.]
5 6 0 [ 0.  0.]
5 7 0 [ 0.  0.]
5 8 0 [ 0.  0.]
5 9 0 [ 0.  0.]
5 10 0 [ 0.  0.]
5 11 0 [ 0.  0.]
5 12 0 [ 0.  0.]
5 13 0 [ 0.  0.]
5 14 0 [ 0.  0.]
5 15 0 [ 0.  0.]
5 16 0 [ 0.  0.]
5 17 0 [ 0.  0.]
5 18 0 [ 0.  0.]
5 19 0 [ 0.  0.]
5 20 0 [ 0.  0.]
5 21 0 [ 0.  0.]
5 22 0 [ 0.  0.]
5 23 0 [ 0.  0.]
5 24 0 [ 0.  0.]
5 25 0 [ 0.  0.]
5 26 0 [ 0.  0.]
5 27 0 [ 0.  0.]
5 28 0 [ 0.  0.]
5 29 0 [ 0.  0.]
5 30 0 [ 0.  0.]
5 31 0 [ 0.  0.]
5 32 0 [ 0.  0.]
5 33 0 [ 0.  0.]
5 34 0 [ 0.  0.]
5 35 0 [ 0.  0.]
5 36 0 [ 0.  0.]
5 37 0 [ 0.  0.]
5 38 0 [ 0.  0.]
5 39 0 [ 0.  0.]
5 40 0 [ 0.  0.]
5 41 0 [ 0.  0.]
5 42 0 [ 0.  0.]
5 43 0 [ 0.  0.]
5 44 0 [ 0.  0.]
5 45 0 [ 0.  0.]
5 46 0 [ 0.  0.]
5 47 0 [ 0.  0.]
5 48 0 [ 0.  0.]
5 49 0 [ 0.  0.]
6 0 0 [ 0.  0.]
6 1 0 [ 0.  0.]
6 2 0 [ 0.  0.]
6 3 0 [ 0.  0.]
6 4 0 [ 0.  0.]
6 5 0 [ 0.  0.]
6 6 0 [ 0.  0.]
6 7 0 [ 0.  0.]
6 8 0 [ 0.  0.]
6 9 0 [ 0.  0.]
6 10 0 [ 0.  0.]
6 11 0 [ 0.  0.]
6 12 0 [ 0.  0.]
6 13 0 [ 0.  0.]
6 14 0 [ 0.  0.]
6 15 0 [ 0.  0.]
6 16 0 [ 0.  0.]
6 17 0 [ 0.  0.]
6 18 0 [ 0.  0.]
6 19 0 [ 0.  0.]
6 20 0 [ 0.  0.]
6 21 0 [ 0.  0.]
6 22 0 [ 0.  0.]
6 23 0 [ 0.  0.]
6 24 0 [ 0.  0.]
6 25 0 [ 0.  0.]
6 26 0 [ 0.  0.]
6 27 0 [ 0.  0.]
6 28 0 [ 0.  0.]
6 29 0 [ 0.  0.]
6 30 0 [ 0.  0.]
6 31 0 [ 0.  0.]
6 32 0 [ 0.  0.]
6 33 0 [ 0.  0.]
6 34 0 [ 0.  0.]
6 35 0 [ 0.  0.]
6 36 0 [ 0.  0.]
6 37 0 [ 0.  0.]
6 38 0 [ 0.  0.]
6 39 0 [ 0.  0.]
6 40 0 [ 0.  0.]
6 41 0 [ 0.  0.]
6 42 0 [ 0.  0.]
6 43 0 [ 0.  0.]
6 44 0 [ 0.  0.]
6 45 0 [ 0.  0.]
6 46 0 [ 0.  0.]
6 47 0 [ 0.  0.]
6 48 0 [ 0.  0.]
6 49 0 [ 0.  0.]
7 0 0 [ 0.  0.]
7 1 0 [ 0.  0.]
7 2 0 [ 0.  0.]
7 3 0 [ 0.  0.]
7 4 0 [ 0.  0.]
7 5 0 [ 0.  0.]
7 6 0 [ 0.  0.]
7 7 0 [ 0.  0.]
7 8 0 [ 0.  0.]
7 9 0 [-700.           14.08844841]
7 10 0 [-700.         -902.65594987]
7 11 0 [-700.           -4.05290059]
7 12 0 [-1159.72432185  -983.81248248]
7 13 0 [ 0.  0.]
7 14 0 [-960.70667621 -907.60569792]
7 15 0 [ -3.51505476  15.27194875]
7 16 0 [-1376.03367711  -700.        ]
7 17 0 [-1015.37908485 -1806.67673613]
7 18 0 [-1531.87212211  -369.34828602]
7 19 0 [ -336.37963109 -1165.5       ]
7 20 0 [ 0.  0.]
7 21 0 [-700.         -691.75718575]
7 22 0 [ 10.00346493   0.        ]
7 23 0 [ 0.  0.]
7 24 0 [ 0.  0.]
7 25 0 [ 0.  0.]
7 26 0 [ 0.  0.]
7 27 0 [ 0.  0.]
7 28 0 [ 0.  0.]
7 29 0 [ 0.  0.]
7 30 0 [ 0.  0.]
7 31 0 [ 0.  0.]
7 32 0 [ 0.  0.]
7 33 0 [ 0.  0.]
7 34 0 [ 0.  0.]
7 35 0 [ 0.  0.]
7 36 0 [ 0.  0.]
7 37 0 [ 0.  0.]
7 38 0 [ 0.  0.]
7 39 0 [ 0.  0.]
7 40 0 [ 0.  0.]
7 41 0 [ 0.  0.]
7 42 0 [ 0.  0.]
7 43 0 [ 0.  0.]
7 44 0 [ 0.  0.]
7 45 0 [ 0.  0.]
7 46 0 [ 0.  0.]
7 47 0 [ 0.  0.]
7 48 0 [ 0.  0.]
7 49 0 [ 0.  0.]
8 0 0 [ 0.  0.]
8 1 0 [ 0.  0.]
8 2 0 [ 0.  0.]
8 3 0 [ 0.  0.]
8 4 0 [ 0.  0.]
8 5 0 [ 0.  0.]
8 6 0 [ 0.  0.]
8 7 0 [ 0.  0.]
8 8 0 [ 0.  0.]
8 9 0 [ 3.80443756  0.        ]
8 10 0 [-700.            1.99206931]
8 11 0 [-461.20193923    4.57698553]
8 12 0 [ 5.94331661  0.        ]
8 13 0 [-765.31595729 -600.54713256]
8 14 0 [-696.05514329 -150.12485723]
8 15 0 [ -16.25427619 -259.10691428]
8 16 0 [-700.         -456.61564591]
8 17 0 [ 0.91  0.  ]
8 18 0 [-671.7509972  -603.84289596]
8 19 0 [ -28.59902033 -132.29258014]
8 20 0 [ 2.38240365  0.        ]
8 21 0 [ 1.12962035  0.        ]
8 22 0 [ 0.  0.]
8 23 0 [ 0.  0.]
8 24 0 [ 0.  0.]
8 25 0 [ 0.  0.]
8 26 0 [ 0.  0.]
8 27 0 [ 0.  0.]
8 28 0 [ 0.  0.]
8 29 0 [ 0.  0.]
8 30 0 [ 0.  0.]
8 31 0 [ 0.  0.]
8 32 0 [ 0.  0.]
8 33 0 [ 0.  0.]
8 34 0 [ 0.  0.]
8 35 0 [ 0.  0.]
8 36 0 [ 0.  0.]
8 37 0 [ 0.  0.]
8 38 0 [ 0.  0.]
8 39 0 [ 0.  0.]
8 40 0 [ 0.  0.]
8 41 0 [ 0.  0.]
8 42 0 [ 0.  0.]
8 43 0 [ 0.  0.]
8 44 0 [ 0.  0.]
8 45 0 [ 0.  0.]
8 46 0 [ 0.  0.]
8 47 0 [ 0.  0.]
8 48 0 [ 0.  0.]
8 49 0 [ 0.  0.]
9 0 0 [ 0.  0.]
9 1 0 [ 0.  0.]
9 2 0 [ 0.  0.]
9 3 0 [ 0.  0.]
9 4 0 [ 0.  0.]
9 5 0 [ 0.  0.]
9 6 0 [ 0.  0.]
9 7 0 [ 0.  0.]
9 8 0 [ 0.  0.]
9 9 0 [ 0.  0.]
9 10 0 [ 0.  0.]
9 11 0 [ 0.91  0.  ]
9 12 0 [ 1.033795  0.      ]
9 13 0 [ 1.83237442  0.        ]
9 14 0 [ 2.30061527  0.        ]
9 15 0 [-693.15520401 -902.21548874]
9 16 0 [ 1.82452072  0.        ]
9 17 0 [ 4.65999434  0.        ]
9 18 0 [ 6.64324813  0.        ]
9 19 0 [ 4.51174176  0.        ]
9 20 0 [ -0.91237682 -67.28249967]
9 21 0 [ 3.14295328  0.        ]
9 22 0 [ 3.48975905  0.        ]
9 23 0 [ 3.75545951  0.        ]
9 24 0 [ 0.  0.]
9 25 0 [ 0.  0.]
9 26 0 [ 0.  0.]
9 27 0 [ 0.  0.]
9 28 0 [ 0.  0.]
9 29 0 [ 0.  0.]
9 30 0 [ 0.  0.]
9 31 0 [ 0.  0.]
9 32 0 [ 0.  0.]
9 33 0 [ 0.  0.]
9 34 0 [ 0.  0.]
9 35 0 [ 0.  0.]
9 36 0 [ 0.  0.]
9 37 0 [ 0.  0.]
9 38 0 [ 0.  0.]
9 39 0 [ 0.  0.]
9 40 0 [ 0.  0.]
9 41 0 [ 0.  0.]
9 42 0 [ 0.  0.]
9 43 0 [ 0.  0.]
9 44 0 [ 0.  0.]
9 45 0 [ 0.  0.]
9 46 0 [ 0.  0.]
9 47 0 [ 0.  0.]
9 48 0 [ 0.  0.]
9 49 0 [ 0.  0.]
10 0 0 [ 0.  0.]
10 1 0 [ 0.  0.]
10 2 0 [ 0.  0.]
10 3 0 [ 0.  0.]
10 4 0 [ 0.  0.]
10 5 0 [ 0.  0.]
10 6 0 [ 0.  0.]
10 7 0 [ 0.  0.]
10 8 0 [ 0.  0.]
10 9 0 [ 0.  0.]
10 10 0 [ 0.  0.]
10 11 0 [ 0.  0.]
10 12 0 [ 0.  0.]
10 13 0 [ 0.  0.]
10 14 0 [ 1.3755  0.    ]
10 15 0 [ 2.65341902  0.        ]
10 16 0 [ 2.33831449  0.        ]
10 17 0 [ 1.85727439  0.        ]
10 18 0 [ 9.24940952  0.        ]
10 19 0 [ 9.44053232  0.        ]
10 20 0 [ 9.167951  0.      ]
10 21 0 [ 3.1882494  0.       ]
10 22 0 [ 4.21162092  0.        ]
10 23 0 [ 4.70612034  0.        ]
10 24 0 [ 4.78853617  0.        ]
10 25 0 [ 0.  0.]
10 26 0 [ 0.  0.]
10 27 0 [ 0.  0.]
10 28 0 [ 0.  0.]
10 29 0 [ 0.  0.]
10 30 0 [ 0.  0.]
10 31 0 [ 0.  0.]
10 32 0 [ 0.  0.]
10 33 0 [ 0.  0.]
10 34 0 [ 0.  0.]
10 35 0 [ 0.  0.]
10 36 0 [ 0.  0.]
10 37 0 [ 0.  0.]
10 38 0 [ 0.  0.]
10 39 0 [ 0.  0.]
10 40 0 [ 0.  0.]
10 41 0 [ 0.  0.]
10 42 0 [ 0.  0.]
10 43 0 [ 0.  0.]
10 44 0 [ 0.  0.]
10 45 0 [ 0.  0.]
10 46 0 [ 0.  0.]
10 47 0 [ 0.  0.]
10 48 0 [ 0.  0.]
10 49 0 [ 0.  0.]
11 0 0 [ 0.  0.]
11 1 0 [ 0.  0.]
11 2 0 [ 0.  0.]
11 3 0 [ 0.  0.]
11 4 0 [ 0.  0.]
11 5 0 [ 0.  0.]
11 6 0 [ 0.  0.]
11 7 0 [ 0.  0.]
11 8 0 [ 0.  0.]
11 9 0 [ 0.  0.]
11 10 0 [ 0.  0.]
11 11 0 [ 0.  0.]
11 12 0 [ 0.  0.]
11 13 0 [ 0.  0.]
11 14 0 [ 0.  0.]
11 15 0 [ 0.  0.]
11 16 0 [ 1.3755  0.    ]
11 17 0 [ 3.02525329  0.        ]
11 18 0 [ 2.20338744  0.        ]
11 19 0 [ 2.00789227  0.        ]
11 20 0 [ 7.93627941  0.        ]
11 21 0 [ 8.26056251  0.        ]
11 22 0 [ 8.41281277  0.        ]
11 23 0 [ 7.80032067  0.        ]
11 24 0 [ 4.61946256  0.        ]
11 25 0 [ 4.34646987  0.        ]
11 26 0 [ 0.  0.]
11 27 0 [ 0.  0.]
11 28 0 [ 0.  0.]
11 29 0 [ 0.  0.]
11 30 0 [ 0.  0.]
11 31 0 [ 0.  0.]
11 32 0 [ 0.  0.]
11 33 0 [ 0.  0.]
11 34 0 [ 0.  0.]
11 35 0 [ 0.  0.]
11 36 0 [ 0.  0.]
11 37 0 [ 0.  0.]
11 38 0 [ 0.  0.]
11 39 0 [ 0.  0.]
11 40 0 [ 0.  0.]
11 41 0 [ 0.  0.]
11 42 0 [ 0.  0.]
11 43 0 [ 0.  0.]
11 44 0 [ 0.  0.]
11 45 0 [ 0.  0.]
11 46 0 [ 0.  0.]
11 47 0 [ 0.  0.]
11 48 0 [ 0.  0.]
11 49 0 [ 0.  0.]
12 0 0 [ 0.  0.]
12 1 0 [ 0.  0.]
12 2 0 [ 0.  0.]
12 3 0 [ 0.  0.]
12 4 0 [ 0.  0.]
12 5 0 [ 0.  0.]
12 6 0 [ 0.  0.]
12 7 0 [ 0.  0.]
12 8 0 [ 0.  0.]
12 9 0 [ 0.  0.]
12 10 0 [ 0.  0.]
12 11 0 [ 0.  0.]
12 12 0 [ 0.  0.]
12 13 0 [ 0.  0.]
12 14 0 [ 0.  0.]
12 15 0 [ 0.  0.]
12 16 0 [ 0.  0.]
12 17 0 [ 0.  0.]
12 18 0 [ 0.  0.]
12 19 0 [ 2.40291787  0.        ]
12 20 0 [ 2.21669012  0.        ]
12 21 0 [ 6.66602144  0.        ]
12 22 0 [ 6.84987436  0.        ]
12 23 0 [ 5.88021044  0.        ]
12 24 0 [ 6.7370695  0.       ]
12 25 0 [ 6.66059495  0.        ]
12 26 0 [ 2.44691542  0.        ]
12 27 0 [ 0.  0.]
12 28 0 [ 0.  0.]
12 29 0 [ 0.  0.]
12 30 0 [ 0.  0.]
12 31 0 [ 0.  0.]
12 32 0 [ 0.  0.]
12 33 0 [ 0.  0.]
12 34 0 [ 0.  0.]
12 35 0 [ 0.  0.]
12 36 0 [ 0.  0.]
12 37 0 [ 0.  0.]
12 38 0 [ 0.  0.]
12 39 0 [ 0.  0.]
12 40 0 [ 0.  0.]
12 41 0 [ 0.  0.]
12 42 0 [ 0.  0.]
12 43 0 [ 0.  0.]
12 44 0 [ 0.  0.]
12 45 0 [ 0.  0.]
12 46 0 [ 0.  0.]
12 47 0 [ 0.  0.]
12 48 0 [ 0.  0.]
12 49 0 [ 0.  0.]
13 0 0 [ 0.  0.]
13 1 0 [ 0.  0.]
13 2 0 [ 0.  0.]
13 3 0 [ 0.  0.]
13 4 0 [ 0.  0.]
13 5 0 [ 0.  0.]
13 6 0 [ 0.  0.]
13 7 0 [ 0.  0.]
13 8 0 [ 0.  0.]
13 9 0 [ 0.  0.]
13 10 0 [ 0.  0.]
13 11 0 [ 0.  0.]
13 12 0 [ 0.  0.]
13 13 0 [ 0.  0.]
13 14 0 [ 0.  0.]
13 15 0 [ 0.  0.]
13 16 0 [ 0.  0.]
13 17 0 [ 0.  0.]
13 18 0 [ 0.  0.]
13 19 0 [ 0.  0.]
13 20 0 [ 4.54392282  0.        ]
13 21 0 [ 5.32001943  0.        ]
13 22 0 [ 4.68742384  0.        ]
13 23 0 [ 7.25410738  0.        ]
13 24 0 [ 6.04923987  0.        ]
13 25 0 [ 6.07782515  0.        ]
13 26 0 [ 6.81338531  0.        ]
13 27 0 [ 2.26032188  0.        ]
13 28 0 [ 0.  0.]
13 29 0 [ 0.  0.]
13 30 0 [ 0.  0.]
13 31 0 [ 0.  0.]
13 32 0 [ 0.  0.]
13 33 0 [ 0.  0.]
13 34 0 [ 0.  0.]
13 35 0 [ 0.  0.]
13 36 0 [ 0.  0.]
13 37 0 [ 0.  0.]
13 38 0 [ 0.  0.]
13 39 0 [ 0.  0.]
13 40 0 [ 0.  0.]
13 41 0 [ 0.  0.]
13 42 0 [ 0.  0.]
13 43 0 [ 0.  0.]
13 44 0 [ 0.  0.]
13 45 0 [ 0.  0.]
13 46 0 [ 0.  0.]
13 47 0 [ 0.  0.]
13 48 0 [ 0.  0.]
13 49 0 [ 0.  0.]
14 0 0 [ 0.  0.]
14 1 0 [ 0.  0.]
14 2 0 [ 0.  0.]
14 3 0 [ 0.  0.]
14 4 0 [ 0.  0.]
14 5 0 [ 0.  0.]
14 6 0 [ 0.  0.]
14 7 0 [ 0.  0.]
14 8 0 [ 0.  0.]
14 9 0 [ 0.  0.]
14 10 0 [ 0.  0.]
14 11 0 [ 0.  0.]
14 12 0 [ 0.  0.]
14 13 0 [ 0.  0.]
14 14 0 [ 0.  0.]
14 15 0 [ 0.  0.]
14 16 0 [ 8.18625777  0.        ]
14 17 0 [-191.74138807    2.57215286]
14 18 0 [-695.2134667    12.61129154]
14 19 0 [ 5.38292444  0.        ]
14 20 0 [ 3.27684167  0.        ]
14 21 0 [ 3.60695276  0.        ]
14 22 0 [ 6.16588644  0.        ]
14 23 0 [ 4.73391368  0.        ]
14 24 0 [ 6.58403724  0.        ]
14 25 0 [ 5.6443958  0.       ]
14 26 0 [ 5.45186176  0.        ]
14 27 0 [ 5.72182785  0.        ]
14 28 0 [ 1.64991225  0.        ]
14 29 0 [ 0.  0.]
14 30 0 [ 0.  0.]
14 31 0 [ 0.  0.]
14 32 0 [ 0.  0.]
14 33 0 [ 0.  0.]
14 34 0 [ 0.  0.]
14 35 0 [ 0.  0.]
14 36 0 [ 0.  0.]
14 37 0 [ 0.  0.]
14 38 0 [ 0.  0.]
14 39 0 [ 0.  0.]
14 40 0 [ 0.  0.]
14 41 0 [ 0.  0.]
14 42 0 [ 0.  0.]
14 43 0 [ 0.  0.]
14 44 0 [ 0.  0.]
14 45 0 [ 0.  0.]
14 46 0 [ 0.  0.]
14 47 0 [ 0.  0.]
14 48 0 [ 0.  0.]
14 49 0 [ 0.  0.]
15 0 0 [ 0.  0.]
15 1 0 [ 0.  0.]
15 2 0 [ 0.  0.]
15 3 0 [ 0.  0.]
15 4 0 [ 0.  0.]
15 5 0 [ 0.  0.]
15 6 0 [ 0.  0.]
15 7 0 [ 0.  0.]
15 8 0 [ 0.  0.]
15 9 0 [ 0.  0.]
15 10 0 [ 0.  0.]
15 11 0 [ 0.  0.]
15 12 0 [ 9.56361624  0.        ]
15 13 0 [ 0.  0.]
15 14 0 [ 0.  0.]
15 15 0 [ 0.  0.]
15 16 0 [ 11.41343931   0.        ]
15 17 0 [-699.49023119    4.32837068]
15 18 0 [-699.48565112   -1.48528714]
15 19 0 [   5.06836748 -838.09148022]
15 20 0 [ 5.43779199  0.        ]
15 21 0 [ 5.04858353  0.        ]
15 22 0 [ 4.16302081  0.        ]
15 23 0 [ 5.84187002  0.        ]
15 24 0 [ 4.20304483  0.        ]
15 25 0 [ 5.32451548  0.        ]
15 26 0 [ 5.58618173  0.        ]
15 27 0 [ 6.27800879  0.        ]
15 28 0 [ 0.91  0.  ]
15 29 0 [ 0.  0.]
15 30 0 [ 0.  0.]
15 31 0 [ 0.  0.]
15 32 0 [ 0.  0.]
15 33 0 [ 0.  0.]
15 34 0 [ 0.  0.]
15 35 0 [ 0.  0.]
15 36 0 [ 0.  0.]
15 37 0 [ 0.  0.]
15 38 0 [ 0.  0.]
15 39 0 [ 0.  0.]
15 40 0 [ 0.  0.]
15 41 0 [ 0.  0.]
15 42 0 [ 0.  0.]
15 43 0 [ 0.  0.]
15 44 0 [ 0.  0.]
15 45 0 [ 0.  0.]
15 46 0 [ 0.  0.]
15 47 0 [ 0.  0.]
15 48 0 [ 0.  0.]
15 49 0 [ 0.  0.]
16 0 0 [ 0.  0.]
16 1 0 [ 0.  0.]
16 2 0 [ 0.  0.]
16 3 0 [ 0.  0.]
16 4 0 [ 0.  0.]
16 5 0 [ 0.  0.]
16 6 0 [ 0.  0.]
16 7 0 [ 0.  0.]
16 8 0 [ 0.  0.]
16 9 0 [ 0.  0.]
16 10 0 [ 0.  0.]
16 11 0 [ 0.  0.]
16 12 0 [-700.         -698.45166155]
16 13 0 [ 0.91  0.  ]
16 14 0 [ 0.  0.]
16 15 0 [ 0.  0.]
16 16 0 [-696.81341848    0.        ]
16 17 0 [ -58.77269314 -720.82512268]
16 18 0 [-8.13380777 -1.04776122]
16 19 0 [-1005.62712519  -234.50792034]
16 20 0 [-16.14045074   5.24274615]
16 21 0 [ 4.56049132  0.        ]
16 22 0 [ 5.04897076  0.        ]
16 23 0 [ 3.95035998  0.        ]
16 24 0 [ 2.54340572  0.        ]
16 25 0 [ 4.99045941  0.        ]
16 26 0 [ 6.14397059  0.        ]
16 27 0 [ 3.32280343  0.        ]
16 28 0 [ 0.  0.]
16 29 0 [ 0.  0.]
16 30 0 [ 0.  0.]
16 31 0 [ 0.  0.]
16 32 0 [ 0.  0.]
16 33 0 [ 0.  0.]
16 34 0 [ 0.  0.]
16 35 0 [ 0.  0.]
16 36 0 [ 0.  0.]
16 37 0 [ 0.  0.]
16 38 0 [ 0.  0.]
16 39 0 [ 0.  0.]
16 40 0 [ 0.  0.]
16 41 0 [ 0.  0.]
16 42 0 [ 0.  0.]
16 43 0 [ 0.  0.]
16 44 0 [ 0.  0.]
16 45 0 [ 0.  0.]
16 46 0 [ 0.  0.]
16 47 0 [ 0.  0.]
16 48 0 [ 0.  0.]
16 49 0 [ 0.  0.]
17 0 0 [ 0.  0.]
17 1 0 [ 0.  0.]
17 2 0 [ 0.  0.]
17 3 0 [ 0.  0.]
17 4 0 [ 0.  0.]
17 5 0 [ 0.  0.]
17 6 0 [ 0.  0.]
17 7 0 [ 0.  0.]
17 8 0 [ 0.  0.]
17 9 0 [ 0.  0.]
17 10 0 [ 0.  0.]
17 11 0 [ 0.  0.]
17 12 0 [ 0.  0.]
17 13 0 [ 0.  0.]
17 14 0 [ 1.3755  0.    ]
17 15 0 [ 1.3755  0.    ]
17 16 0 [ 1.3755  0.    ]
17 17 0 [ 0.  0.]
17 18 0 [-464.45035   -138.1749425]
17 19 0 [ 4.22586703  0.        ]
17 20 0 [-519.50739939    3.8744051 ]
17 21 0 [ 4.51909388  0.        ]
17 22 0 [ 4.9949545  0.       ]
17 23 0 [ 6.1224008  0.       ]
17 24 0 [ 5.62482485  0.        ]
17 25 0 [ 6.26205286  0.        ]
17 26 0 [ 2.78396877  0.        ]
17 27 0 [ 0.  0.]
17 28 0 [ 0.  0.]
17 29 0 [ 0.  0.]
17 30 0 [ 0.  0.]
17 31 0 [ 0.  0.]
17 32 0 [ 0.  0.]
17 33 0 [ 0.  0.]
17 34 0 [ 0.  0.]
17 35 0 [ 0.  0.]
17 36 0 [ 0.  0.]
17 37 0 [ 0.  0.]
17 38 0 [ 0.  0.]
17 39 0 [ 0.  0.]
17 40 0 [ 0.  0.]
17 41 0 [ 0.  0.]
17 42 0 [ 0.  0.]
17 43 0 [ 0.  0.]
17 44 0 [ 0.  0.]
17 45 0 [ 0.  0.]
17 46 0 [ 0.  0.]
17 47 0 [ 0.  0.]
17 48 0 [ 0.  0.]
17 49 0 [ 0.  0.]
18 0 0 [ 0.  0.]
18 1 0 [ 0.  0.]
18 2 0 [ 0.  0.]
18 3 0 [ 0.  0.]
18 4 0 [ 0.  0.]
18 5 0 [ 0.  0.]
18 6 0 [ 0.  0.]
18 7 0 [ 0.  0.]
18 8 0 [ 0.  0.]
18 9 0 [ 0.  0.]
18 10 0 [ 0.  0.]
18 11 0 [ 0.  0.]
18 12 0 [ 0.  0.]
18 13 0 [ 0.  0.]
18 14 0 [ 0.  0.]
18 15 0 [ 0.  0.]
18 16 0 [ 0.  0.]
18 17 0 [ 1.57815  0.     ]
18 18 0 [ 2.08955358  0.        ]
18 19 0 [ 2.81054215  0.        ]
18 20 0 [ 3.00496776  0.        ]
18 21 0 [ 4.39090331  0.        ]
18 22 0 [ 6.31957422  0.        ]
18 23 0 [ 6.24997896  0.        ]
18 24 0 [ 5.1832133  0.       ]
18 25 0 [ 5.9874199  0.       ]
18 26 0 [ 4.55001841  0.        ]
18 27 0 [ 0.  0.]
18 28 0 [ 0.  0.]
18 29 0 [ 0.  0.]
18 30 0 [ 0.  0.]
18 31 0 [ 0.  0.]
18 32 0 [ 0.  0.]
18 33 0 [ 0.  0.]
18 34 0 [ 0.  0.]
18 35 0 [ 0.  0.]
18 36 0 [ 0.  0.]
18 37 0 [ 0.  0.]
18 38 0 [ 0.  0.]
18 39 0 [ 0.  0.]
18 40 0 [ 0.  0.]
18 41 0 [ 0.  0.]
18 42 0 [ 0.  0.]
18 43 0 [ 0.  0.]
18 44 0 [ 0.  0.]
18 45 0 [ 0.  0.]
18 46 0 [ 0.  0.]
18 47 0 [ 0.  0.]
18 48 0 [ 0.  0.]
18 49 0 [ 0.  0.]
19 0 0 [ 0.  0.]
19 1 0 [ 0.  0.]
19 2 0 [ 0.  0.]
19 3 0 [ 0.  0.]
19 4 0 [ 0.  0.]
19 5 0 [ 0.  0.]
19 6 0 [ 0.  0.]
19 7 0 [ 0.  0.]
19 8 0 [ 0.  0.]
19 9 0 [ 0.  0.]
19 10 0 [ 0.  0.]
19 11 0 [ 0.  0.]
19 12 0 [ 0.7  0. ]
19 13 0 [-700.    0.]
19 14 0 [ 0.7  0. ]
19 15 0 [ 0.7  0. ]
19 16 0 [ 0.7  0. ]
19 17 0 [ 12.00572284   0.        ]
19 18 0 [-699.3245      -89.51461036]
19 19 0 [-899.67932335 -101.07068339]
19 20 0 [  13.8698587  -458.85421869]
19 21 0 [-85.09839765   7.87529913]
19 22 0 [ -7.80102321  12.92524989]
19 23 0 [ 15.17527347   0.        ]
19 24 0 [ 16.43063078   0.        ]
19 25 0 [ 16.7560638   0.       ]
19 26 0 [ 16.86502343   0.        ]
19 27 0 [ 16.65798454   0.        ]
19 28 0 [ 15.78590558   0.        ]
19 29 0 [ 16.52885093   0.        ]
19 30 0 [ 17.60349362   0.        ]
19 31 0 [ 17.96398568   0.        ]
19 32 0 [ 17.61982621   0.        ]
19 33 0 [ 16.9273735   0.       ]
19 34 0 [ 15.86668984   0.        ]
19 35 0 [ 14.89615335   0.        ]
19 36 0 [ 10.15023555   0.        ]
19 37 0 [ 0.  0.]
19 38 0 [ 0.  0.]
19 39 0 [ 0.  0.]
19 40 0 [ 0.  0.]
19 41 0 [ 0.  0.]
19 42 0 [ 0.  0.]
19 43 0 [ 0.  0.]
19 44 0 [ 0.  0.]
19 45 0 [ 0.  0.]
19 46 0 [ 0.  0.]
19 47 0 [ 0.  0.]
19 48 0 [ 0.  0.]
19 49 0 [ 0.  0.]
